1
330
331
331
662
330
992
326
1318
316
1634
313
1947
299
2246
296
2542
290
2832
294
3126
281
3407
276
3683
271
3954
266
4220
267
4487
269
4756
271
5027
265
5292
260
5552
256
5808
260
6068
261
6329
268
6597
278
6875
300
7175
306
7481
311
7792
311
8103
323
8426
333
8759
343
9102
341
9443
346
9789
343
10132
351
10483
355
10838
354
11192
352
11544
352
11896
348
12244
336
12580
325
12905
324
13229
328
13557
333
13890
326
14216
326
14542
323
14865
323
15188
321
15509
309
15818
289
16107
280
16387
286
16673
281
16954
267
17221
259
17480
266
17746
279
18025
277
18302
279
18581
290
18871
295
19166
299
19465
306
19771
314
20085
318
20403
327
20730
325
21055
325
21380
321
21701
324
22025
329
22354
327
22681
320
23001
315
23316
316
23632
325
23957
329
24286
327
24613
329
24942
326
25268
334