1.00
0.95
0.90
0.85
0.80
0.75
0.70
0.65
0.60
0.55
0.50
0.45
0.40
0.35
0.30
0.25
0.20
0.15
0.10
0.05
ship0
ship1
ship2
ship3
ship4
ship5
ship6
ship7
ship8
ship9
ship10
ship11
ship12
ship13
ship14
ship15
ship16
prop_l
prop_r
ship17
ship18
ship19
ship20
ship21
ship22
ship23
0
0
0
0
0
0
0
0
0
0
0
0
0
0
0
0
0
0
0
0
0
0.000001
0.000002
0.000003
0.000004
0.000006
0.000007
0.000008
0.000009
0.00001
0.000011
0.000013
0.000014
0.000015
0.000016
0.000017
0.000018
49.000011
-48.999989
0.000019
0.000021
0.000022
0.000023
0.000024
0.000025
0.000026
19.91177
19.91177
19.91177
19.91177
19.91177
19.91177
19.91177
19.91177
19.91177
19.91177
19.91177
19.91177
19.91177
19.91177
19.91177
19.91177
19.91177
19.91177
19.91177
19.91177
0
0
0
0
0
0
0
0
0
0
0
0
0
0
0
0
0
4.000028
3.999972
0
0
0
0
0
0
0
-287.857147
-275.714294
-263.571442
-251.428574
-239.285721
-227.142868
-215.000015
-202.857162
-190.71431
-178.571457
-166.428604
-154.285751
-142.142883
-130.000015
-117.857155
-105.714294
-93.571434
-81.428574
-69.285713
-57.142857
-45
-41.47826
-37.95652
-34.434784
-30.913044
-27.391304
-23.869564
-20.347824
-16.826084
-13.304344
-9.782604
-6.260864
-2.739124
0.782616
4.304356
7.826096
11.347832
12.374985
12.375015
14.869572
18.391312
21.913048
25.434784
28.95652
32.478256
36